Index	xSource	ySource	xTarget	yTarget
    0	    189	     70	    188	     67
    1	     88	    388	     88	    388
    2	    116	    266	    116	    266
    3	    120	    228	    120	    228
    4	    136	    126	    136	    126
    5	    251	    129	    259	    119
    6	    285	    102	    294	     91
    7	    284	    119	    294	    109
    8	    271	    136	    282	    124
    9	    201	    486	    204	    470
   10	    195	    493	    199	    475
   11	    121	    455	    120	    448
   12	    326	    210	    333	    202
   13	    263	    245	    262	    232
   14	    266	    283	    267	    270
   15	    256	    298	    256	    285
   16	    229	    312	    229	    300
   17	    318	    299	    320	    290
   18	    342	    265	    343	    262
   19	    270	    228	    275	    216
   20	    318	    167	    328	    157
   21	    290	    219	    295	    208
   22	    101	    458	    100	    454
   23	    134	    402	    137	    395
   24	    127	    431	    129	    422
   25	    109	    502	    110	    497
   26	     59	    511	     58	    508
   27	    101	    387	    101	    387
   28	    211	    507	    212	    490
   29	    231	    461	    233	    446
   30	    291	    392	    294	    382
   31	    326	    366	    326	    364
   32	    237	    391	    238	    378
   33	    225	    374	    225	    360
   34	    229	    355	    228	    342
   35	    266	    355	    266	    342
   36	    153	    455	    156	    441
   37	    170	    431	    173	    418
   38	    163	    422	    167	    408
   39	    132	    497	    131	    489
   40	    168	    500	    171	    485
   41	    177	    507	    180	    492
   42	    210	    468	    214	    452
   43	    202	    444	    205	    429
   44	    297	    430	    297	    416
   45	    238	    415	    241	    400
   46	    205	    388	    206	    375
   47	    219	    351	    219	    337
   48	    270	    315	    271	    302
   49	    284	    348	    285	    336
   50	    291	    341	    292	    329
   51	    286	    320	    286	    307
   52	    328	    309	    330	    308
   53	    209	    290	    209	    275
   54	    211	    272	    212	    259
   55	    242	    260	    242	    247
   56	    248	    258	    250	    245
   57	    204	    297	    204	    284
   58	    204	    305	    203	    291
   59	    216	    305	    216	    292
   60	    202	    315	    202	    302
   61	    282	    260	    286	    248
   62	    301	    258	    303	    248
   63	    339	    230	    342	    225
   64	    333	    239	    337	    233
   65	    323	    242	    327	    234
   66	    301	    279	    302	    269
   67	    310	    224	    314	    214
   68	    163	    347	    163	    336
   69	    165	    368	    166	    356
   70	    143	    382	    143	    376
   71	    145	    367	    145	    359
   72	    176	    288	    176	    276
   73	    166	    252	    162	    244
   74	    170	    263	    169	    254
   75	    158	    282	    158	    282
   76	    221	    207	    223	    194
   77	    242	    225	    244	    211
   78	    245	    201	    249	    188
   79	    211	    220	    214	    205
   80	    203	    196	    205	    185
   81	    271	    193	    277	    181
   82	    264	    211	    270	    198
   83	    273	     83	    279	     75
   84	    295	    126	    307	    116
   85	    280	    145	    290	    134
   86	    242	    155	    248	    143
   87	    195	    161	    195	    152
   88	    205	    234	    206	    221
   89	    195	    249	    195	    235
   90	    185	    185	    184	    175
   91	    175	    222	    175	    216
   92	    150	    180	    150	    180
   93	    248	     85	    253	     81
   94	    188	    148	    186	    142
   95	    174	    165	    174	    159
   96	    180	    169	    179	    162
   97	    309	    147	    320	    139
   98	    249	    145	    256	    135
   99	    252	    164	    259	    150
  100	    240	    162	    245	    149
  101	    239	    172	    244	    159
  102	    250	    173	    257	    160
  103	    288	     93	    298	     83
  104	    294	     85	    301	     75
  105	    295	    147	    304	    137
  106	    307	    134	    318	    124
  107	    263	     38	    263	     38
  108	    205	    112	    204	    105
  109	    270	    166	    278	    155
  110	    229	    139	    233	    129
  111	    231	    135	    234	    124
  112	    221	    123	    223	    115
  113	    254	     93	    258	     86
  114	    230	     96	    231	     90
  115	    215	    108	    215	    102
  116	    157	    149	    155	    148
  117	    150	    159	    150	    159
  118	    144	    210	    144	    210
  119	    432	     39	    432	     39
  120	     41	    178	     41	    178
  121	     40	    274	     40	    274
  122	    336	    373	    336	    373
  123	    366	    277	    366	    277
  124	    352	    276	    352	    276
  125	    343	    327	    343	    327
  126	    415	    504	    415	    504
  127	    374	    490	    374	    490
  128	    386	    504	    386	    504
  129	    335	    493	    335	    493
  130	    327	    507	    327	    507
  131	    347	    482	    347	    482
  132	    366	    470	    366	    470
  133	    394	    460	    394	    460
  134	    424	    468	    424	    468
  135	    424	    491	    424	    491
  136	    388	    485	    388	    485
  137	    406	    485	    406	    485
  138	    426	    508	    426	    508
  139	    396	    502	    396	    502
  140	    431	    478	    431	    478
  141	    418	    457	    418	    457
  142	    379	    471	    379	    471
  143	    362	    491	    362	    491
  144	    350	    494	    350	    494
  145	    366	    508	    366	    508
  146	     39	    231	     39	    231
  147	     90	    290	     90	    290
  148	     64	    308	     64	    308
  149	     61	    142	     61	    142
  150	    104	    251	    104	    251
  151	     96	    366	     96	    366
  152	     93	    348	     93	    348
  153	     54	    443	     54	    443
  154	     28	    446	     28	    446
  155	     32	    463	     32	    463
  156	     26	    424	     26	    424
  157	     42	    420	     42	    420
  158	      6	    384	      6	    384
  159	     16	    389	     16	    389
  160	    392	    317	    392	    317
  161	    412	    282	    412	    282
  162	    399	    238	    399	    238
  163	    386	    232	    386	    232
  164	    366	    337	    366	    337
  165	    385	    354	    385	    354
  166	    387	    346	    387	    346
  167	    401	    350	    401	    350
  168	    389	    360	    389	    360
  169	    418	    420	    418	    420
  170	    405	    394	    405	    394
  171	    420	    380	    420	    380
  172	    354	    346	    354	    346
  173	    356	    327	    356	    327
  174	    396	    275	    396	    275
  175	    378	    264	    378	    264
  176	    374	    256	    374	    256
  177	    374	    293	    374	    293
  178	    378	    321	    378	    321
  179	    410	    310	    410	    310
  180	     64	    370	     64	    370
  181	    131	     21	    131	     21
  182	     31	     76	     31	     76
  183	    242	     42	    242	     42
  184	    274	     35	    274	     35
  185	    287	     35	    287	     35
  186	    172	     44	    172	     44
  187	    164	     67	    164	     67
  188	    147	     93	    147	     93
  189	    106	     70	    106	     70
  190	    136	     90	    136	     90
  191	    116	    148	    116	    148
  192	    104	    174	    104	    174
  193	    108	    206	    108	    206
  194	    106	    228	    106	    228
  195	     88	    238	     88	    238
  196	     82	    364	     82	    364
  197	     28	    358	     28	    358
  198	     67	    399	     67	    399
  199	     76	    409	     76	    409
  200	     57	    424	     57	    424
  201	     17	    445	     17	    445
  202	      6	    472	      6	    472
  203	     20	    501	     20	    501
  204	    115	    293	    115	    293
  205	     96	    330	     96	    330
  206	     65	    336	     65	    336
  207	     20	    330	     20	    330
  208	     14	    275	     14	    275
  209	     28	    252	     28	    252
  210	     60	    258	     60	    258
  211	    151	     44	    151	     44
  212	     86	     52	     86	     52
  213	    345	     15	    345	     15
  214	    402	     36	    402	     36
  215	    413	     37	    413	     37
  216	    416	     22	    416	     22
  217	    306	     14	    306	     14
  218	    310	     26	    310	     26
  219	    338	     30	    338	     30
  220	    377	     28	    377	     28
  221	    420	     10	    420	     10
  222	    420	     62	    420	     62
  223	     44	    135	     44	    135
  224	     10	     94	     10	     94
  225	     65	     94	     65	     94
  226	     80	    111	     80	    111
  227	     56	     16	     56	     16
  228	    162	     15	    162	     15
  229	    208	     53	    208	     53
  230	    256	     30	    256	     30
  231	    292	     24	    292	     24
  232	    216	      8	    216	      8
  233	     97	    136	     97	    136
  234	     15	    176	     15	    176
  235	     74	    188	     74	    188
  236	    394	    210	    394	    210
  237	    267	     77	    272	     70
  238	    314	    173	    324	    162
  239	    314	    200	    322	    191
  240	    337	    203	    345	    196
  241	    328	    162	    338	    153
  242	    317	    133	    329	    125
  243	    318	    151	    328	    142
  244	    204	     61	    204	     60
  245	    173	     79	    173	     78
  246	    213	     85	    213	     85
  247	    170	    124	    170	    124
  248	    393	    193	    397	    192
  249	    430	      8	    430	      8
  250	    389	     13	    389	     13
  251	    363	     20	    363	     20
  252	    328	    352	    328	    352
  253	    327	    345	    327	    345
  254	    314	    337	    317	    329
  255	    300	    294	    302	    283
  256	    316	    325	    318	    317
  257	    315	    291	    316	    282
  258	    323	    227	    327	    219
  259	    316	    239	    318	    230
  260	    332	    278	    333	    277
  261	    350	    301	    350	    301
  262	    347	    318	    347	    318
  263	    337	    293	    337	    293
  264	    377	    230	    377	    230
