Intervals=16

X Coeffs -----------------------------------
  -26.553018403743664    0.5622377096545476     27.84735351002012     55.22367790975738     82.61255982127064    110.13026010576617    137.89303962445024    165.68000318722838     193.2702556040059    220.62753756218538    247.71558974916925     274.8663478846768    302.41174768842745    329.96019028400104    357.12007679497776    384.35856081270407      412.142795928527    440.41199684102514     469.1053782487772 
   -26.57146289625299   -0.3247283301520091    27.080897229938046    54.823716923947316     82.21114867213944    109.74284811563129    137.58648169253053    164.77551782009297    192.20205677642713    219.18537898556184    247.69514348754578     274.7396970105037    302.86206062862476     329.3542329893212     357.5706419892137     385.4708419717711     412.4615753127958    439.72681489333587     468.3148060347008 
  -26.736417417548303 -0.022315323177120976     27.18508761296988     54.88607733164412     82.27599689633969    109.77845833193356    137.45407784519537    164.62436841515466    192.82305744076078    220.20138409036707    247.51085206902155    274.37648241111117     301.0816291321624     330.1780770028912    356.29172078729067     382.5392457684126    411.52983682678735     439.9170377306957     468.5312103741434 
   -26.87472282238859  -0.23543032013639068     27.65029189726208     54.93947227613383     82.50799212312556    109.96219612508604    137.54644455530703     164.7857466604925    192.25881225309286    218.63346684389953     243.5664292195659     280.9196663808711      307.962370976159     336.1869309892423      363.357699655636     387.8692796201584    416.23692427044097     438.4070643720503      468.909759196034 
  -26.494970699869114  -0.09518773649169494    26.897563034710902    54.797580264750664     82.17374082538193    110.01916686550173    136.58369660754474     163.7606833409417    189.65925595823086    218.79470464409533    251.81525279491137     285.4776322996178       309.86688411208    324.28017067944353    366.25058896434354     390.4600097012879     416.2631368078314     439.0667869764393      468.680120755832 
  -26.867903899342988  -0.16992438754412983    26.800313031422586    54.659203687467596     82.07125640392084    109.25350427343483    137.27748279560453    162.16501725397057    188.12072931658753     221.3716835478307     257.8435558431565    283.35926784692947    315.48666508921514    341.23606935154766     361.9117002748401    398.37779928652515    414.15586424326096     438.6905683809557     468.4840925863897 
  -26.669403272822404  -0.05553090284355453    27.050444628671478     55.03182064907903     82.41038402417982    110.23818153392294     137.2854408103273    163.88153247880135     192.2012160332089      221.254069416826     253.3435451723015    284.21790069518465     313.5521015332558     339.2061702171274     342.6411580727406     393.3484607280354    412.70369398334077    440.10285207731897    467.90054859314074 
  -26.660050379230825   0.21560197793850272    26.194425255202866     54.85446791459999     81.75120721437901    110.03308375676566    137.76900415131578    164.30439025576632    192.90554101795954     223.8597921212802    253.08179225034954     282.3572800295586     308.7026898490017    337.79830640522727    356.90934891607463     387.7602617812704       411.04917803528    440.19458206748055    467.97649943765157 
  -26.687937283808964   -0.2402314440826726     27.63350255957792    55.161405990370135     82.37230290461328    109.84406286842706    137.79585675079923     164.7999926464213    193.65695826985313     222.2101702731144    250.48225194509155     280.2562696499154     305.8666729890124     336.1214068517452     359.0920283183214     384.9408171935633     413.7603959400974     439.7037286853557     468.3235305214181 
   -26.83265006778536    0.1623115450707625      26.9212013884445     54.43817593187278      82.0702955853774    109.94737468975038    137.17806937694388    163.14051368892407    193.40069125014503      220.461261071948    248.49297892557985    277.27728882935554     305.6451066749696     332.0967078304469    357.56294090547846     385.2388551913359    412.83971701920893    439.47853585316795    468.58272439390237 
  -26.833783235153756   0.17961946118818894    26.744076576689142     54.93154800016003     82.19790453611932    110.04120116531574    136.98964081161407    164.18437726420612    192.44595308840917     221.1834247363635     248.0420694653087    275.86950750861934     304.3552956377238    331.09379536342664     357.6086123403139    385.87375043629334     412.9178650675786    439.79580419384314    468.39516360456656 
  -26.647652690441756  -0.00797588905641467    27.343091780990317     54.78498336459722     82.44467949160413    109.56058859905795    137.52436987322014    165.23411846889985    192.58129208393746    219.97048974504233     247.5615354698211     274.2881535744548    303.62799116656674     331.6764006260157     357.0871816846344    385.32816031117403    412.54430172605794     440.0165717191874     468.0775676466251 
  -26.764159410300323  0.023062453968637243    26.784623435470948     54.64877588175014     82.09620596100812    109.58303929472187    135.96935411527514     166.3082235352919    192.80332175124747    220.63309156168444    247.50866616758967     276.6014499559177     303.9067557755259     329.8338992114726     357.9168806653843    385.78766279769525    412.22338361841906      439.814688615972    467.94665601329217 
   -27.07893811268042   -0.5750639643827906    27.803051748706217    54.682082423202466     81.94991092711857    110.27581282346296    136.73182287755432    168.93899210900727     193.7081854452663    221.92152659402333    247.72351096655981     275.6989263440283    304.56130540773717    329.63873699440296       357.32569960472     385.1410651717324    412.30749077066474     440.2416384028548     467.9465546975762 
  -26.610202452189807   0.10345864387118635    26.714819447352568     54.76012164365812     81.93482522264527    110.62857841100819    140.96905801699828    167.87440683130646    195.91225183065453    223.60687221041513    250.82579308853624    276.87950796893017     304.1528929759947     329.5970614503374      357.124356387413     385.1511650189585    411.57444696657956    439.31145429346753    468.02138969248557 
  -26.060651259077453   -0.3370646064069211    27.057603809553296     55.03000326569517     82.28663711140811    109.10260645634983    140.88374029229186    169.20873502107784    195.16473016670423    222.32688207992416     251.0966575803528    276.35148181630257     300.4527521160849     328.6642105664473     357.1439749825528     383.1630124226356     412.9798878050749     440.8155146788316     467.6708597117556 
  -27.035456516733856  -0.21468932612603517    27.217236608378236     54.67335326711648     81.98799506735791     109.8911834494434    138.75539906024875     168.0245960934301    197.06471153270232    222.88670631854603    248.70553872281667    276.28988794874084    302.82607087549627    329.34776164141493    357.22153877607917     385.9151143172111    409.91459423722495    440.87448767367573    467.46381383195546 
  -27.039167197092556    0.5293616425791304    26.108275199445124    54.573538183091046     81.74399337897378    109.76959870525359    137.76032222261372    166.27641033996085    194.90725087176148    218.83192659417136    247.53612868290838    275.45525880827466     304.5870640178214    331.27503236860684      357.047864792391    384.72721023392165    413.01146066691854    438.80831641914176    467.30228080066246 
  -27.842529145549467   -0.1415214780072626    27.293318477267665     54.57869813424207      81.8313249068827     109.5103331341909    138.07485715516805    166.47630859304726    193.66609907106175    220.43925801632687    247.59081485595812     274.9806702655155     302.4687249205592     329.9964915079341      357.505482714485     384.9289302446327    412.21734186860397     439.6366595807078    467.55648177008874 

Y Coeffs -----------------------------------
   -33.72747795675252   -33.089578639252395     -32.9171350673102    -32.93235844056744    -32.85745995866571    -32.73542309218844    -32.60923131171911    -32.55357621377383    -32.64314939486875    -32.63926793893618     -32.3032489299084   -32.058690183019024   -31.456282670429033    -31.46380936440463   -32.110203302998244    -32.96341793002319   -33.525463598151646   -34.085002575621644    -34.93069713067125 
  -0.8814809703704198   0.28709911759625323   0.11522593071833764   0.06232738727382358   0.04464256071376684   0.12311265453636808  0.011069788046711368   0.15249955055577355   -0.2598297847745452   0.10092694109792846  -0.21500037520347512   -0.4836545580226919   0.06561024415614346   -0.3441787638493867    0.8307964604330411    0.6535676303764416 -0.017740793098841443    0.3766152337178091   -1.9631049953850432 
   31.494458453352795     32.35414403040225     32.26428491761462     32.49266789053925     32.35614242126634    32.309326990871526     32.30582957814564    32.000714571373734    33.370620316383516     32.48561198448279     32.59266704629156     33.82779183040819     32.07784093690753      32.8079705246835    32.026677675901695    31.049029359637355      32.9864242355582     32.79691254912181    30.729553491835798 
   63.666117528967106      64.4063880106623      64.9798824692643     64.62661371069989     64.56545829755368      64.4427185134355     64.44657733904978     64.22244671328262     63.41153889827389      64.0489853167456    62.209503658696995     59.15869499548621     56.60711356042348    58.089162390970884    56.287902965893096     62.35780140506909     62.23967070501487     64.31916525654496      63.3168669861116 
     95.8992734710225     96.57391726668436     96.76344186762185      96.6392878361954     96.95529853266888     96.34793701436142     97.20551960908924     99.58200259439504     91.57832334545822     90.61200463329968     90.65239279594866      85.5842799993492      87.4975658271356     87.24740392030884     91.85480493659766     93.31047741204257     96.17767738369128     97.08711029625863      95.9684241425627 
   128.16580554057643    128.59386916838073    129.47839445491812     128.8126176054593    129.73770401730485    128.87434907685318    129.32137233838992    127.33785301835613    122.41803784722298    120.74067337887963    118.49849611482827    118.45507604249536    119.66298268073885    124.83138792489822      128.255496186548    129.62894924397457    128.81422601510698    129.30150469835075    128.62016624282833 
   160.43759299868634    160.60313658500036     161.8137439530563    160.80280055765286     161.5577435034661     160.9570615976561    161.99019495051826    160.12525846515808    152.45480657079045     150.2870001708804    148.62030529062574     149.8950068963748     149.5735403559679    153.17427264134633    149.29308779364706    161.57883593595855    165.73698134639383    161.78040271272044    161.20803456854776 
    192.7210604467794    192.83329585347695     193.5669078358026    193.53934450593536    193.59315152158533    192.95344257097872    194.47485915021346     193.0506808186136     181.8910845290688    179.44103968861268    179.33739372060532     181.9878040732079    183.36059928441256    188.02295583707706     190.7007692443226      193.379466607146    194.60395078255647    194.19507317310368    193.59655510998587 
   225.02263248628296    225.72146839864183     225.6895438491924    225.52348838535184     226.1756784729511    225.92796740254198    226.48979355826336     222.6649659832405    211.22255168969534    212.54145188173993    211.80141758151686    214.20947533870353     215.2902964671976     216.1966790486589    227.57861352337505    224.33599289991093     225.4503798324725    225.95894324654802    225.65025385740734 
    257.2980157108433    257.91560327879733     258.3860129480283     257.9356863946887     257.8134315372116    258.11946886839877     258.8327513796782    255.44920396982147    243.40504464637735    245.50972936056039     243.6812096973629    244.89852446878726    248.12763399989632    251.02648043349413     257.6208050016334     256.9628950157995     257.8800221593925    257.54242172296847     257.5799154763286 
    289.5029167141065    289.32010174446424    290.20740653680565    289.61406331692524    289.95572727783497     291.0440669802189    291.96866100290526    285.68302443765356     275.6943229375947     277.2318168781218    276.24430539028646    277.91410257494374     275.7224148700038     286.8713094004904      291.762587406685     288.1347268017999     290.0185505677605     289.3860541690356    289.59632463226603 
   321.67898402883355     322.2078280372257     323.1408495446155    322.52899683499356    322.92146634333034     323.0816795298344     318.5500224669622    311.63114471164994     308.7632798302536    309.98323492625394     308.3382730402892     310.3598545968227     308.3918213588858     321.6177455430498    322.46359644098413     321.3721140084565     322.6619035958833    321.53714950136316    321.75783705146284 
   353.86786618778467    354.35662131862176    355.22227887307673     354.5822141525143     355.6140117813182    354.61953200589505     348.8634134985832    340.86159862764475    341.72279637117913    342.07101397928164     340.4912208069646     342.3933656649911    342.51521053441934    355.88027216646526    353.28095214615513    354.28085042988846     354.8969578226202     354.0549541576413     354.1228084601622 
    386.0722764464144     386.9332511716054    387.03378024580627     387.0134059476939     387.4605979694121     385.6243429095494     380.5708445900163    374.11543517156105     373.6273950475856    373.11858693513926     373.0450414274484    375.52904604047166    376.46540966950107     388.9202698482489     386.8901312598403    387.00573770430896    387.47140214544334    386.74124734213444    386.58233326905406 
   418.29492806017697     419.8017974202067     419.2372319345359     419.6598139262264     418.8077158344163    415.15385662472124    409.88062429294365     404.3094559417746     404.0893309479344     404.4834339323181     403.9100414681675    406.95756146734317    411.79967123443356     417.7178884307543     418.9126746960968    419.81498596271666    419.69354623399533     419.8884357924021    419.02750588882856 
    450.5784036160504     450.8529211783715    451.92775400219364    451.59391748733174    449.20409423375435    445.80531729477156    440.49870981444354    435.50773081771234     437.4665112727663     435.4908335799669     434.3831760499531     438.8564021331924    444.80012607297584     449.2222792379827     452.1178897726967     451.0398794111215    453.21254253580753    451.74885473989275    451.34347708914953 
   482.96528570101265    483.45098479813345    484.16076837062235    482.99743072341624    480.34375077496975     478.5662206049906    475.30492271134113    468.14402084790686    464.87496318014314     469.2340800068706    470.30692508209745     474.6333305115139     479.1582580413511      482.786834988416     485.9721781741408     483.9885747795399     485.1965015837242    482.03077880728324    483.41539763968063 
    514.9722868433944     516.2258982995683     516.4008676615838     517.5181769660014     512.2569698697763     510.2629224696457     507.5909381473713     500.6297064315262     499.7015701340428     506.4136729706654     508.4555033178819      510.538145056426     513.7155372152368     516.5891640287387     515.9981652430803     515.3127358664627     516.7323166597477     516.9063406779339     515.2359779046728 
    546.1161195715267      546.835772456763     546.5915225174905     545.5483791263083     543.8713516558159     542.2101026701998     541.2142947336469     540.7812572894259     540.8083197808053     541.4305885034837     542.7831697531599     544.4669979999554     546.0830077139921     547.3826177697479     548.1172470417005     548.3453246497147     548.1252797136553     547.5713887432878     546.7979282483776 
