Intervals=16

X Coeffs -----------------------------------
   -27.94716746707951   -0.2940693330280596    27.275378131653415     54.78370522193812     82.25344223279924    109.65172607530059      136.945693660506    164.25073700345214    191.68224811917582    219.32238629585095    247.25331082165144     275.1381961368838     302.6402166818546    329.98785159602676    357.40958001886327     384.8626014109058     412.3041152326967     439.4636125937387     466.0705846035352 
   -27.62823243076525   0.12121854901838788    27.667600771093156    55.175545628432104     82.77313014124304    110.04868104286005    137.33051147728474    165.23096068559042    192.71952703729065     220.4429826258476    247.51539438337994     275.3927733521673     301.3466871700109     330.1439348449703    357.93794191323275     385.1928884930566    411.44913443651666     439.8678922515705     466.8478151005849 
  -27.514799739703744   -0.1664016033919645     27.92800392952364    55.208908211176755     82.85231313669037    110.19523597768452    137.55536764739412    165.28108219130633    192.07624802109402     220.1117539390981    247.46635736995097     275.2399879459072    305.42576979081105     329.6227757934657    357.54598311582623    387.36829200442963       413.93958098774     440.4659671155865     466.6905030294265 
   -27.43280064188234 -0.035889618551374555    27.530441046312003     55.33115415858443     82.77230608646495     110.2091961631485    137.57258471181657    164.86558662547955     193.0179026276245    221.58764334570856     250.0972248363885    270.83551764840695      293.065621052986     325.6992438344494    354.04993959876435     382.0584313229716      406.616235467303    441.77565193990296    466.58571944692665 
  -27.464589892694942  -0.12267932759629477    28.204799081391485     55.28113148169819     82.37813156178613    110.36425460835385     137.4541468017355     166.8624756580285      195.222815166042    220.68376499841648    241.29538737950983      266.055074556502    291.68690435363715    329.77480328762584    349.97621951560996    378.87989518086243      408.285545545661    441.56494144918474    466.60217395250805 
   -27.43210432520201   0.33840110394952366     27.86668851450907     55.09682795502072      82.6788787755205    110.84891630769081    138.03934844392288    168.12870600088536    196.39867053371626     218.1610326022159    241.22589852950838     265.1833615067281     291.5588696404503     313.3496706679369     356.9239842282074    373.03975513374314     407.0604505390349     442.2689297637045     466.5597938687881 
   -27.48189223591889   -0.4057666878097779     28.03992219374124    55.058356037601165     82.48057788860606    109.80459090353969    137.36570041228677    166.36350339617297    192.01845014007344    218.19517868494071     242.4600057010549      266.537344740932    295.08296439716855    321.35494795217625    363.90742235449164     381.6523283385381     408.6387032151491     441.1471389340122     466.8901009763542 
  -27.063385345679123  -0.27135541182867906     28.90011557732907     54.69264502696026     83.53660895732415    109.79066343511394      137.388103514123     165.4511115665479     192.4827813409862     216.0067512459212    243.70113463835156    267.87555786459177     296.8508319203264     321.0404886130109    356.78757326986164     382.2530801832341     414.0998840895173    439.83682327939886     467.1389581524513 
   -27.03010416523106  -0.07503881265047076     27.35790728938349     55.25294393931136     82.31695535356079    110.01936176148904    137.22657920031196    165.20463912107803    191.23812274478428    219.03104352176445    245.47309939717604     271.2137085378776    300.36614234645134     325.1123647608372     355.2282833501805    385.60711339885563     410.6890878986422     440.1813556540452    467.02905434986127 
  -27.130013580319826  -0.07044751070664175    28.209332908502034    55.007500624777414     83.17503746718432    110.12592537520054     137.4567999537506    167.77066803469617    191.97967612578057    219.40225512647078    246.89013680084145     272.9459930715845    299.55661164171437     327.8810171749075     357.6739118462868    384.51780954440414     412.1761870831668    440.64334036938345     466.8884555104814 
  -27.443647479235484   -0.1808628530109712    28.432365265923067     55.39035301338087     82.60650823467734    110.42100517059097    137.46174796404244    164.96098669467807    192.12730350690336     219.5668619820898    247.10746854699033     275.4778803945592     301.0280999463166     328.5186246046963    357.44103125012543    384.49743893723206     411.8809985615729     440.0179432627962      466.869132470222 
   -27.08077418148098  -0.24291852722372664    28.136933021052958     55.21376145641367     82.60382172690844    110.41827481364516     137.3505240212625    164.67543150850983     192.5498100824604    219.91673673394374     247.4697464115263    274.80934582414903    301.89234727839437     328.1408490228914     358.2128070528126    384.84641691331007    412.36183456750706    440.15401589905645    467.00662584053873 
   -27.66587015649945  -0.15782575995888828    28.583778057490235     55.51778603333366     82.75650258695279    110.78678655073773    139.62982682307248     162.2693481645845    192.11908492617906    218.76420569158833    248.07970914611104     273.3253589731518     300.7812893184899     330.5259516719976    356.92553983700475     383.7686287963709     412.8235897215125     439.9783216533867    467.33647623288783 
   -27.78998327904622   0.46599184448240494    27.025036694106106     55.15418316520249     83.32676182700801    109.41025731311264     136.8829521283711    161.79633327642173    189.84481067836944    217.30835726355454    245.49060539592358    275.01012216090305     300.4853256927299     329.8814612860584     357.6171713898715     386.5037772572118     413.0566077141309     439.6371921212437      467.487338990012 
  -26.918008978042067   -0.3860375030711632     28.42496959060954    55.070320425920414     82.78978616142655    110.03950738862773    134.10068955217193    161.51499711373944    189.08589416707844    217.17723789858383    243.44455964088684     272.0248042583472     301.8487107032978    330.81290221900935    358.54502437468557    385.24446743111156    413.16461959119465     440.5181218914751    467.08786945465397 
  -27.867230887974642  0.030407405077280604    27.698657919466132    55.167494988705364     82.64955578478391    110.24163667848146    134.55343156201562    161.14597481642326    189.16907465316882    217.09542424970405    245.26608123272754    274.06174366913456    304.14701490038584    330.84065344406264    358.64302328722977    386.58631065467233     412.9460405822039     439.3864799125077     467.1460209302636 
   -27.49178204504357   0.18835677297471726     27.68044812608659     55.56762569932257     83.10090489080262    109.95776393460328     137.6988872841909    162.59760561984808    188.53768847320413    217.97530053922404     247.7531717098836    273.00163742336684     303.0851073809535     331.6936387467253    357.62692408273864     384.2335825783723     414.8090052752301      438.853151399901    467.42898758550865 
   -27.46100986024064   -0.7826140022241301    29.209161378499143     55.69979245303445     83.44635354951382    109.93421233417955     136.9600780405883    162.39756615035233    192.06508479208173    221.20341660067848    247.04550712097458    273.77453840514926     300.1295212019015     329.5800446519712     357.5820864410155     385.1693349669762     412.0471161800954     441.7303070712868    467.76370105199663 
   -27.17569863992312    0.2703680993458498     27.89471416523242     55.60348004063669     83.30280620845875    110.60810890335597    137.13480435998574    163.79612334462152    191.50529662353685    219.61681702570056     247.4851773800816    275.07362391664134     302.3454028653415     329.5969638149901     357.1247563543954    384.87808710446626     412.7155360555034     440.4765956639261    467.45639860250657 

Y Coeffs -----------------------------------
   -30.95417207463179   -31.497053472807746    -31.70006529946125    -31.73003212001105     -31.7537784998759    -31.79277122549555   -31.868477083309735   -32.023326368186716    -32.29974937499474   -32.674023203435524    -33.12242495321082    -33.50833148398484    -33.69511965542181    -33.49927251081468    -32.73727309345636   -31.902047199311735   -31.486520624345705   -31.039280891972822   -30.108915525607653 
   0.8361904706500771  -0.18716711383564974  -0.07876548598905936 -0.019603674728242534    0.0170623921389274  -0.11390325487033079 -0.013239417792393616  -0.22591198303080434   0.41292084192559764    0.2410190088582725   0.44591268524291616    0.9515235931864497   0.22241834356026896    0.8599984827099322   -0.8374098839887668   -0.8038719110697511  -0.13925030327127894   0.17141247456671221    1.4385382371665583 
      32.961077010063     32.22319507960882    31.953637614916225    31.929546004099745     32.03878320948308     32.16501644078002      32.2103665034059    33.026014560988784     31.04813243969803    31.424361733735463     31.74098970537992    30.340990925296186    31.143948268737876    31.548808362250643    32.705163094109935     32.92672584880399    31.864505590157634    30.919059241678816     33.56249919922982 
    65.25460526176185     64.55471351874039     64.07853351700513     64.18282743850308     64.50736200025689     64.66917064042893     64.36427619353653     64.36013620266972     65.19419366963842     65.76521626812581     67.56537580939157     70.74063953944399     75.14208825379907     70.38988138082263      71.4194893026843     68.02964375334648     66.02307529048971     65.36989794541888      65.7794696031355 
    97.55089294390159     96.92675342904093     96.59868520478729     96.80911936546542     96.54177942481358     97.33988228742558     96.03902799392594     96.56537381453929    102.35616864964265    104.07900372280942    103.54587589551976    106.70241101298355    106.01936715448116    107.48868448927756    102.00381670967829     99.55903324710461     97.94274612423024     96.82580765980583     97.60595169143696 
   129.83277381469597    129.12764862225026    128.75961620536285    129.29937742488178    128.54539520715318    128.76238747820312    128.82268493082677    131.21385769295208    136.74840974317172     136.9746404572317    139.82014519011844    139.91515238783646     140.5667838474716      135.947178118346    128.94753673795367    129.84346051943993    129.10370194139105    128.74133930752203    129.23357229824984 
   162.08308163235893    161.89465486031054    160.59091112758665     161.6714232700442     160.5893787003057    161.63638947264158    160.37452869852802    161.90171085008578    170.47989706425142    173.61082721070167     175.2326943818804    173.37393993823724      171.736153054938     169.8868114829221     171.8832860082985    161.32233773351174    158.08804104075352    160.45031373081835    160.85395825768958 
   194.35557268004513     194.1968390362097     193.7153912650894    193.46828780017086    193.49931696325842    194.10130372027672    192.24235613721817     194.3156968298925    206.26025246188766    207.27357065535463    207.27249039937158    205.63385759275113      204.210507296117     201.5733573779715    194.02346093588744     193.9046334975766    191.70945010222147    192.45038498100965    192.75420555665005 
   226.70400324090937    226.05504055775646    225.59151583091247    226.17874345000706     225.0455113121002     225.5450770322339    225.15365667394897    229.45336647133718    240.02580120783176      239.140874339522    240.12683444902584    238.87100180104395    234.40961516995415     236.5814358551373     225.3377401054589    227.31468736019005     226.0559763161408    225.13516952320094    225.22141018202473 
    259.0131525251228    258.43111635418506    257.49593071548827     258.2533600166812     258.3706516289753     257.9464076604131     256.7800486293218     259.3328335540697    272.89450392058916     270.3853921053472     271.4936328548125    271.68180066519574     269.4521060740761     264.8077573424895     257.8797422824326     259.0630613707006     259.0718306940594     258.8399241126377     257.9199765947097 
   291.16779974285674    291.15822284616047    290.51241940347836     290.9947338839442    290.06001124190936     289.3225978221231     289.1412327979447     297.2112396476189      304.817271680356      303.014292760254     304.7957496541806    301.75146569175604    305.41351163572216     294.6745195550888      288.501966322274     292.2051669523846     290.5318899156407    290.95870757403765     290.5143092556007 
    323.3079399060503     322.6003374760086    322.27102411485833    322.01283923706427     322.0235784697161     322.2036631536983     327.0183648914582     334.5313901431127      336.102604992864     334.4958454144972    337.00629157215593    334.75215918432116    335.99768724731825    323.82164733954124     322.2357501719303    323.75765092889867    322.43275365801634     323.3457384301565     322.9528906021086 
    355.5735680266422     354.8946346556438      354.181971711972    354.66438573961665    353.97905150157857    354.60924385678567    360.50261919262897     368.6781471708183     367.7965532818715    368.20063296362883    368.72758755743615     366.7361334387125    366.88441830727555    353.35816410499086     356.4852907067838     355.4003167013457       354.68889955148    355.29756791550096     355.1842030716441 
    387.8775959966687    387.15046132550094     387.2474295293438    387.20344793659837     386.1767883717086    388.75267892091733     394.1130979636905     400.0068314799829     400.9655704982348    400.97587654788316     401.4327806801914     398.1420071177214    396.87265756198036    385.92982878993587    386.43884851712056    386.20346388242393     386.5664209161236     387.0590863647777     387.2990671654122 
     420.132935708166    418.68280829955773     419.3630809953128    418.83133304076694     420.0020834462071      423.480606059005     428.6751637616834     434.5547948216552     435.0454895556617    434.43285993798366    435.65989864706563    433.67201681022505     427.3679854165589    420.73007019363376     418.4943636328852    418.15862634698334     418.4530031374212     418.7538103145528    419.38830338461776 
    452.3482332850286    452.10819004121754     451.1867249757441    451.57533081617635     454.0585622647393     457.2418676533901     461.3888774552755     466.2570639024227     466.3136819086995     466.9911512130767     467.9758972857447     463.2743731322761     457.7822537924176     453.1439861426695     449.2770629834796    452.04126383536624     449.2930465486711    450.89974933681856     451.5880217858615 
     484.532134851151    484.14075815918716     483.3047798973814     484.5353110855378    486.59373161816416    488.84553824333153     491.1085257491074    498.60775040622156    503.74271214381076    495.46087811868387     493.6355682296808      491.081056966432      487.640050590341    483.52505450611403     482.6351591750038     483.0322740443628     482.7647078935178     485.3129572252067    484.04711565230195 
    517.1371832050148     515.5648003274009     516.1652313896182      513.747055303306      515.786494907679     519.5325008137485     521.5234399150216     523.8884716414743     524.0441349032893     521.9487731505928     516.8982461659817     512.8858182232369     513.9425696666386      516.154947447385      515.885056275259     516.7278802957898     515.1076445360368     514.9355725322657     516.7878137320595 
    550.6159211451018     549.8185356049742     550.0634464200684     551.0756084302162     552.2104591062408     553.7979031569907       555.03757066932     555.7768355343063     555.6640260651352     554.7268941722124     553.2205645791496      551.715523253749      550.493672672623     549.2524183883925     548.5333317990014     548.2850279291431     548.4561218035112     549.0097487590245     549.9090441326026 
